0,310
0,305
0,335
0,333
0,308
0,304
0,303
0,302
0,307
0,321
0,12
0,496
0,10
0,8
0,0
0,425
0,300
0,325
0,299
0,375
0,298
0,334
0,297
0,441
0,296
0,363
0,295
0,324
0,294
0,293
0,352
0,292
0,502
0,291
0,315
0,290
0,341
0,289
0,421
0,288
0,287
0,331
0,286
0,396
0,285
0,490
0,284
0,414
0,283
0,351
0,282
0,417
0,281
0,498
0,280
0,407
0,279
0,488
0,278
0,390
0,277
0,381
0,276
0,409
0,275
0,495
0,274
0,380
0,273
0,272
0,408
0,271
0,379
0,270
0,464
0,269
0,378
0,268
0,267
0,392
0,266
0,360
0,265
0,406
0,264
0,377
0,263
0,350
0,262
0,463
0,261
0,376
0,260
0,479
0,259
0,323
0,258
0,391
0,257
0,405
0,256
0,340
0,255
0,397
0,254
0,398
0,253
0,374
0,252
0,395
0,251
0,384
0,250
0,343
0,249
0,362
0,248
0,424
0,247
0,332
0,246
0,373
0,245
0,338
0,244
0,320
0,242
0,404
0,241
0,432
0,240
0,342
0,239
0,394
0,238
0,389
0,237
0,508
0,236
0,330
0,235
0,306
0,234
0,372
0,233
0,232
0,507
0,231
0,371
0,230
0,467
0,229
0,370
0,228
0,227
0,429
0,226
0,428
0,225
0,422
0,224
0,497
0,223
0,506
0,222
0,505
0,221
0,427
0,220
0,388
0,219
0,337
0,218
0,450
0,217
0,485
0,216
0,494
0,215
0,474
0,214
0,426
0,213
0,403
0,212
0,504
0,211
0,210
0,435
0,209
0,402
0,208
0,357
0,207
0,206
0,205
0,387
0,204
0,336
0,203
0,385
0,202
0,401
0,201
0,434
0,200
0,199
0,420
0,198
0,197
0,459
0,196
0,419
0,195
0,326
0,194
0,368
0,193
0,418
0,192
0,63
0,367
0,62
0,383
0,61
0,400
0,60
0,416
0,59
0,349
0,58
0,415
0,57
0,431
0,56
0,386
0,55
0,356
0,54
0,430
0,53
0,355
0,52
0,413
0,51
0,423
0,50
0,412
0,49
0,411
